ugrid_gpu_precisions = [[0.50530771 0.58907775 0.59362101 0.64104418 0.60974559 0.64832025 0.62175202 0.64305963], [0.34168998 0.43832881 0.46608562 0.48717723 0.47689924 0.49092375 0.48253357 0.49692961], [0.27720336 0.32989322 0.38598759 0.38650757 0.41531446 0.39316442 0.40816546 0.39085803], [0.20798988 0.27622625 0.29381681 0.31982255 0.31542681 0.32355545 0.32286612 0.31750855], [0.16441838 0.19877068 0.23746392 0.23973967 0.24915784 0.2443629  0.24968302 0.25064003], ]
ugrid_gpu_recalls = [[0.24430333 0.28343889 0.28475889 0.30581    0.29216333 0.30858111 0.29693556 0.30523889], [0.16612111 0.21173639 0.22266167 0.23369444 0.22845361 0.23525194 0.23065778 0.23749083], [0.13357122 0.15882289 0.18432144 0.18505633 0.197994   0.18772456 0.194848   0.18705133], [0.09935993 0.13103    0.13949459 0.151145   0.14982159 0.15342959 0.15355026 0.15075515], [0.07758029 0.09387331 0.1119811  0.1131649  0.11772989 0.11564229 0.11798466 0.11818994], ]
ugrid_gpu_runtimes = [[ 7.78400254  7.74099827 11.73649883 16.12599826 17.46450138 26.17100191 31.62249064 53.14500046], [14.57097888 21.46700001 21.12600017 31.23399854 31.75300217 43.72000217 46.8879962  74.40400076], [ 33.48398566  39.8724792   45.07849908  51.69899845  57.77800345  73.17100382  83.76199603 118.03100061], [ 91.24900103 107.44599962 124.94799662 173.34300232 230.24849677 311.88799977 403.12499833 543.92699695], [ 249.90457273  282.90299869  359.29799962  499.94249749  713.51499844 1129.88100028 1582.88099885 2527.51450109], ]