ugrid_gpu_precisions = [[0.55372668 0.62453064 0.66862729 0.68600271 0.68499965 0.6809105  0.69774807 0.69479848], [0.46492634 0.51442164 0.57428767 0.5435327  0.64098699 0.57915641 0.59910141 0.64054015], [0.34173765 0.43607314 0.48433319 0.48688742 0.53655704 0.51715155 0.51361149 0.52486919], [0.35243796 0.4398509  0.49850386 0.54625542 0.5485722  0.56811501 0.56247537 0.55718587], ]
ugrid_gpu_recalls = [[0.27157667 0.30348556 0.32191333 0.32452444 0.32489    0.32258    0.32971    0.33127667], [0.22569556 0.25037889 0.27218    0.25879333 0.29887111 0.27588722 0.28277111 0.29921833], [0.16488056 0.20925083 0.22866083 0.22993778 0.25241    0.24223111 0.24212583 0.2479275 ], [0.16959111 0.20936917 0.23723972 0.25852556 0.25938653 0.26848597 0.26593542 0.26411208], ]
ugrid_gpu_runtimes = [[ 5.33450556  6.16599917  7.72350073 11.68097925 14.02850056 17.04799938 32.89700818 53.70400047], [ 8.8915019  10.79900002 14.59400225 13.98399663 21.51450109 20.65150166 29.47900414 63.73450136], [12.55000043 15.36799645 16.56300092 19.94750023 24.79699922 29.87149763 38.09500217 56.37900472], [ 23.34349847  29.6720016   36.72750235  46.01800227  50.53900146  58.84450388  72.2490027  102.59050274], ]