ugrid_gpu_precisions = [[0.38085021 0.44878046 0.41139269 0.44346015 0.45624259 0.44137922 0.48026493 0.46128756], [0.22121349 0.27073766 0.28883    0.31074985 0.31290954 0.3196111  0.32970659 0.3049579 ], [0.13000241 0.1793983  0.20530301 0.2385657  0.2175657  0.22795543 0.21105697 0.21170079], [0.10344689 0.13618546 0.16336672 0.17590116 0.17898877 0.1811318  0.18101181 0.17534761], ]
ugrid_gpu_recalls = [[0.18217222 0.21081444 0.19461778 0.20865333 0.21438889 0.20906111 0.22459778 0.21450667], [0.10668    0.12898944 0.13766861 0.14706306 0.14789167 0.15169278 0.15568722 0.14486056], [0.06248167 0.08476944 0.096785   0.11164657 0.10198102 0.10603704 0.09960241 0.09920204], [0.04849497 0.06359718 0.07642817 0.08179247 0.08331796 0.08405932 0.08415366 0.08140056], ]
ugrid_gpu_runtimes = [[ 7.00249863 11.34550166  9.51499772 11.98000312 21.61800075 19.36300182 37.41700196 61.49000239], [17.19050336 21.62150335 24.44050121 28.79650354 34.11900043 39.08299923 49.464499   60.43600178], [ 48.1275003   61.85599947  65.43700051  95.421       93.56799912 123.13749599 122.04749703 161.61200213], [ 87.99399614 106.66099906 117.61200142 156.50099921 199.11000228 247.12199998 320.80500126 406.18098092], ]